152
1527
1625
1841
1892
1998
2040
2239
2250
2351
2440
2469
2489
2532
2618
2646
2656
2659
2670
3066
3067
3073
3101
3192
3214
3270
3278
3328
3336
3349
3362
3409
3437
3493
3508
3516
3532
3616
3627
3631
3722
3734
3780
3785
3798
3872
3882
3948
3963
3987
4005
4010
4014
4046
4055
4122
4127
4136
4147
4166
4225
4239
4244
4298
4319
4377
4387
4486
4516
4525
4544
4571
4602
4603
4651
4657
4676
4711
4725
4729
4732
4739
4747
4752
4821
4822
4866
4895
5020
5026
5032
5043
5049
5071
5130
5138
5139
5164
5166
5216
5224
5232
5250
5257
5263
5269
5287
5293
5295
5361
5375
5384
5420
5478
5502
5530
5555
5682
5687
5705
5740
5741
5754
5755
5769
5775
5789
5824
5872
5951
5982
5989
5993
6016
6046
6059
6070
6093
6105
6119
6141
6170
6184
6203
6217
6246
6250
6252
6262
6274
6295
6301
6330
6355
6364
6383
6467
6474
6527
6528
6558
6579
6615
6631
6632
6639
6640
6651
6652
6682
6690
6700
6721
6752
6764
6775
6793
6825
6862
6912
6916
6938
6971
6987
7011
7022
7052
7124
7137
7153
7164
7194
7215
7226
7233
7249
7278
7296
7325
7343
7370
7395
7452
7454
7520
7547
7565
7642
7652
7680
7705
7789
7846
7898
7899
7912
7914
7928
7958
7983
8043
8047
8051
8057
8100
8112
8117
8138
8151
8196
8226
8233
8237
8299
8317
8331
8363
8384
8453
8463
8481
8511
8525
8574
8586
8592
8601
8635
8648
8661
8670
8716
8747
8748
8819
8827
8828
8841
8859
8874
8910
8996
9010
9022
9034
9085
9107
9123
9156
9197
9219
9224
9282
9327
9351
9452
9507
9527
9554
9561
9562
9566
9621
9624
9625
9626
9714
9744
9867
9883
9890
9891
9901
9962
10054
10055
10073
10080
10107
10117
10133
10154
10160
10175
10236
10268
10334
10340
10353
10388
10483
10487
10497
10530
10547
10554
10561
10651
10660
10701
10703
10729
10785
10787
10838
10896
10914
10955
10991
11021
11055
11082
11103
11112
11131
11140
11154
11167
11184
11195
11204
11213
11219
11253
11277
11310
11357
11419
11434
11473
11495
11497
11499
11568
11654
11669
11685
11723
11725
11737
11760
11786
11815
11876
11886
11933
11940
11949
11961
12014
12040
12043
12059
12067
12094
12102
12136
12148
12167
12189
12204
12239
12243
12249
12286
12332
12405
12416
12429
12436
12443
12649
12662
12685
12698
12713
12745
12828
12832
12859
12918
12935
12965
12979
13073
13081
13124
13127
13151
13211
13250
13265
13272
13284
13325
13333
13334
13392
13463
13483
13519
13563
13575
13626
13675
13742
13910
13940
13953
14016
14019
14046
14136
14137
14165
14185
14223
14224
14243
14253
14342
14398
14475
14549
14555
14583
14618
14668
14747
14790
14826
14866
14875
14903
14921
14938
14979
15022
15055
15057
15098
15124
15174
15184
15248
15262
15274
15290
15322
15373
15400
15402
15409
15414
15422
15426
15469
15484
15501
15550
15588
15607
15633
15694
15761
15794
15798
15818
15843
15844
15851
15882
15891
15996
16004
16008
16038
16096
16109
16129
16138
16148
16228
16244
16247
16270
16292
16344
16449
16478
16487
16527
16582
16594
16617
16619
16626
16654
16658
16703
16706
16707
16725
16729
16754
16762
16785
16884
16893
16927
16934
17076
17121
17130
17154
17176
17316
17364
17420
17428
17452
17492
17516
17535
17583
17649
17655
17658
17685
17690
17706
17718
17786
17865
17891
17899
17950
18017
18241
18401
18412
18417
18426
18455
18509
18516
18526
18545
18573
18583
18594
18741
18806
18830
18854
18899
18915
18939
18968
18979
19010
19043
19051
19063
19083
19087
19162
19169
19171
19185
19189
19237
19255
19287
19291
19307
19312
19344
19369
19381
19435
19525
19528
19593
19594
19621
19630
19658
19672
19699
19781
19796
19809
19853
19917
19983
20018
20037
20071
20077
20121
20184
20199
20246
20276
20290
20319
20329
20337
20345
20362
20364
20386
20392
20395
20430
20433
20435
20454
20494
20508
20512
20514
20528
20568
20576
20614
20632
20643
20658
20679
20682
20710
20716
20728
20788
20817
20823
20924
20928
20965
20969
20977
20980
21015
21018
21041
21044
21069
21117
21124
21129
21189
21203
21259
21276
21303
21311
21313
21361
21369
21399
21424
21427
21428
21434
21491
21495
21554
21561
21571
21596
21676
21709
21718
21727
21741
21744
21758
21768
21777
21820
21876
21913
21951
21960
21978
21991
22009
22210
22257
22270
22282
22319
22369
22437
22580
22626
22661
22676
22680
22688
22709
22711
22746
22803
22811
22886
22888
22912
22934
22940
22974
23000
23024
23068
23076
23113
23114
23176
23179
23215
23233
23236
23238
23243
23303
23324
23338
23408
23449
23474
23482
23518
23550
23581
23599
23672
23674
23693
23718
23735
23779
23806
23822
23824
23831
23856
23868
23947
23993
24003
24026
24061
24134
24153
24167
24320
24321
24378
24383
24412
24439
24455
24466
24549
24566
24612
24645
24663
24751
24767
24833
24842
24899
24929
24958
24959
24990
25045
25049
25050
25132
25177
25250
25354
25361
25378
25391
25436
25456
25499
25521
25568
25577
25580
25605
25608
25629
25642
25653
25756
25832
25842
25852
25919
25921
25945
25980
26008
26048
26079
26085
26116
26124
26187
26209
26213
26214
26240
26247
26307
26365
26370
26451
26489
26532
26555
26562
26608
26613
26621
26746
26762
26766
26773
26778
26800
26833
26868
26888
26903
26941
26969
26990
27056
27067
27070
27087
27098
27116
27186
27200
27208
27223
27232
27233
27322
27356
27375
27395
27396
27397
27403
27435
27479
27503
27532
27602
27604
27614
27666
27691
27714
27730
27738
27748
27752
27758
27806
27906
27928
28076
28098
28127
28205
28229
28244
28285
28293
28304
28308
28355
28366
28416
28444
28447
28457
28508
28542
28581
28618
28629
28692
28704
28740
28802
28853
28860
28912
28918
28957
28960
29042
29047
29058
29067
29096
29127
29134
29150
29155
29175
29198
29203
29262
29336
29337
29385
29408
29429
29446
29449
29458
29507
29562
29601
29603
29663
29716
29719
29821
29829
29833
29846
29856
29871
29907
29985
30008
30012
30076
30077
30082
30084
30132
30156
30175
30197
30202
30220
30245
30265
30266
30295
30328
30489
30618
30663
30674
30675
30676
30722
30740
30750
30834
30878
30892
30905
30932
30937
30999
31036
31042
31045
31156
31162
31210
31235
31282
31292
31311
31341
31395
31452
31460
31466
31501
31508
31509
31510
31518
31562
31611
31642
31666
31667
31728
31735
31737
31797
31804
31818
31922
31941
31958
31994
32013
32041
32044
32135
32184
32247
32250
32261
32276
32287
32345
32371
32435
32448
32568
32620
32644
32653
32679
32688
32783
32863
32886
33080
33101
33139
33170
33202
33205
33208
33233
33271
33288
33299
33310
33331
33338
33342
33392
33483
33552
33562
33583
33661
33674
33687
33692
33714
33723
33766
33774
33788
33906
33945
33948
34001
34113
34115
34125
34145
34161
34191
34278
34281
34300
34305
34321
34326
34373
34396
34539
34616
34634
34693
34699
34715
34716
34724
34751
34869
34877
34888
34899
34906
34919
34930
34981
34998
35042
35059
35095
35114
35152
35180
35186
35224
35261
35271
35290
35296
35297
35305
35332
35388
35420
35475
35527
35535
35543
35700
35801
35804
35822
35829
35838
35943
35945
35948
35973
35987
36005
36040
36046
36069
36086
36151
36170
36206
36228
36244
36262
36275
36286
36317
36324
36358
36384
36446
36481
36500
36506
36533
36569
36648
36685
36869
36876
36904
36910
36918
36953
36980
37070
37097
37161
37173
37189
37221
37245
37253
37264
37313
37339
37347
37425
37475
37495
37519
37564
37577
37671
37687
37714
37741
37801
37890
37924
38018
38026
38089
38133
38154
38174
38195
38209
38225
38309
38340
38443
38461
38473
38539
38541
38546
38589
38596
38604
38663
38666
38703
38729
38750
38754
38763
38827
38839
38859
38879
38921
38962
38967
38968
38981
39001
39011
39023
39058
39128
39136
39148
39275
39292
39307
39376
39397
39432
39435
39452
39453
39467
39484
39489
39491
39522
39612
39649
39674
39707
39728
39770
39841
39877
39899
39917
39953
39971
40020
40035
40039
40097
40101
40114
40120
40128
40133
40170
40188
40232
40236
40280
40310
40321
40374
40405
40409
40414
40438
40442
40448
40481
40516
40527
40553
40608
40662
40686
40687
40691
40759
40779
40795
40809
40837
40863
40913
40926
40928
40934
40947
40980
41073
41074
41080
41097
41184
41225
41267
41270
41272
41290
41321
41336
41338
41357
41396
41398
41407
41420
41457
41472
41527
41599
41640
41657
41714
41718
41749
41781
41785
41790
41810
41827
41838
41842
41941
41956
41999
42058
42065
42071
42101
42197
42337
42444
42445
42452
42473
42532
42533
42605
42672
42676
42694
42741
42764
42859
42876
42879
42931
42991
43013
43102
43194
43198
43200
43257
43328
43339
43342
43397
43466
43505
43509
43523
43528
43540
43558
43573
43578
43588
43638
43685
43712
43713
43722
43740
43742
43745
43782
43797
43801
43819
43916
43918
43932
43948
43972
44008
44093
44108
44109
44146
44202
44219
44276
44294
44338
44354
44365
44368
44381
44382
44451
44493
44501
44537
44589
44603
44637
44663
44664
44681
44714
44734
44756
44774
44775
44787
44804
44840
44853
44887
44891
44967
44969
44974
44975
44989
44997
45035
45040
45046
45081
45090
45109
45157
45164
45171
45179
45188
45202
45207
45210
45264
45267
45336
45353
45359
45406
45422
45438
45501
45504
45515
45518
45520
45572
45628
45655
45670
45688
45744
45768
45772
45778
45839
45851
45854
45899
45927
45938
45940
45966
46031
46044
46063
46100
46151
46163
46165
46272
46273
46274
46284
46306
46317
46322
46323
46324
46330
46355
46417
46457
46466
46470
46471
46503
46531
46539
46544
46662
46704
46707
46761
46844
46900
46962
47005
47071
47144
47171
47184
47198
47231
47282
47295
47345
47373
47396
47406
47487
47496
47508
47558
47562
47565
47585
47623
47627
47633
47655
47663
47720
47721
47735
47753
47776
47841
47845
47848
47921
47963
47981
48030
48045
48053
48056
48083
48096
48103
48121
48138
48144
48278
48345
48380
48409
48426
48497
48507
48537
48573
48575
48622
48657
48675
48745
48770
48812
48837
48878
48914
48920
48954
48982
49061
49063
49064
49118
49125
49146
49187
49196
49256
49268
49317
49322
49368
49369
49409
49427
49475
49480
49506
49521
49634
49650
49651
49669
49682
49708
49763
49783
49798
49810
49827
49854
49871
49879
50043
50045
50048
50080
50091
50110
50156
50177
50231
50274
50321
50348
50371
50383
50451
50484
50498
50533
50537
50580
50590
50596
50608
50641
50688
50714
50764
50772
50783
50832
50858
50886
50906
50926
50928
50943
50958
50964
50987
50999
52101
52252
52315
52325
52404
52410
52433
52435
52472
52529
52548
52555
52578
52617
52668
52673
52796
52805
52818
52827
52829
52834
52858
52919
52924
52927
52980
53010
53057
53099
53111
53115
53122
53133
53205
53222
53245
53248
53268
53283
53293
53311
53313
53335
53385
53404
53415
53432
53455
53485
53488
53489
53497
53520
53534
53550
53596
53679
53714
53725
53769
53822
53827
53831
53877
53886
53902
53905
53929
53958
53963
53994
54021
54067
54097
54116
54133
54137
54141
54176
54263
54269
54290
54294
54295
54343
54373
54376
54411
54419
54421
54434
54467
54478
54505
54522
54564
54597
54676
54720
54728
54780
54790
54823
54862
54877
54889
54910
54921
54927
54933
54945
54952
54960
54973
54996
55039
55048
55140
55145
55174
55182
55206
55236
55246
55254
55268
55276
55279
55350
55366
55382
55409
55417
55450
55505
55517
55519
55527
55583
55598
55601
55608
55621
55650
55664
55677
55679
55684
55693
55716
55718
55776
55781
55815
55835
55849
55862
55917
55942
55951
55954
55990
56031
56079
56143
56153
56161
56198
56220
56225
56246
56262
56264
56283
56328
56332
56343
56398
56403
56406
56435
56453
56457
56459
56463
56465
56471
56480
56483
56485
56488
56518
56519
56540
56553
56577
56587
56591
56623
56649
56689
56700
56716
56736
56742
56757
56758
56776
56779
56809
56901
56929
56935
56968
56971
56974
57067
57070
57072
57093
57107
57133
57136
57159
57182
57200
57220
57235
57368
57374
57376
57399
57461
57521
57548
57569
57596
57607
57610
57664
57787
57840
57844
57867
57868
57874
57879
57889
57956
57968
57981
57982
57991
58013
58026
58083
58118
58153
58182
58185
58202
58221
58230
58262
58263
58270
58282
58319
58329
58354
58379
58389
58394
58453
58460
58489
58525
58536
58548
58556
58561
58568
58576
58588
58602
58631
58669
58698
58702
58704
58736
58740
58773
58786
58789
58846
58891
58955
58963
58965
58990
59032
59096
59106
59111
59113
59114
59161
59182
59201
59216
59260
59320
59360
59399
59416
59422
59425
59455
59488
59507
59520
59533
59543
59547
59553
59579
59582
59584
59589
59647
59733
59741
59753
59787
59859
59926
59942
60048
60078
60091
60194
60195
60257
60266
60298
60327
60329
60336
60344
60373
60389
60393
60439
60442
60457
60459
60466
60504
60506
60511
60551
60640
60645
60653
60702
60725
60761
60775
60778
60782
60830
60872
60877
60885
60908
60919
60943
60944
60966
60975
61027
61035
61054
61055
61106
61119
61162
61166
61185
61204
61271
61308
61313
61321
61324
61332
61355
61386
61430
61454
61459
61472
61483
61503
61535
61542
61543
61544
61546
61552
61556
61573
61597
61599
61605
61620
61630
61632
61659
61671
61707
61710
61717
61751
61791
61804
61811
61815
61902
61918
61931
61941
61943
61947
61953
61956
61971
62038
62050
62064
62078
62157
62170
62226
62249
62252
62257
62303
62308
62328
62334
62336
62400
62434
62438
62466
62486
62502
62565
62638
62659
62669
62685
62740
62746
62750
62778
62781
62816
62859
62864
62873
62878
62930
62953
62987
62995
62998
63026
63036
63037
63069
63073
63085
63104
63111
63131
63132
63137
63183
63186
63207
63227
63231
63238
63243
63361
63371
63373
63379
63381
63385
63389
63427
63464
63520
63524
63571
63572
63580
63582
63631
63638
63640
63644
63664
63682
63718
63720
63768
63785
63816
63837
63851
63862
63880
63898
63927
63940
63943
63969
63998
63999
64030
64044
64055
64084
64104
64140
64157
64181
64186
64207
64238
64240
64242
64251
64252
64253
64282
64305
64347
64368
64380
64387
64438
64458
64486
64493
64514
64519
64532
64548
64560
64601
64644
64645
64650
64674
64696
64703
64717
64719
64744
64753
64765
64808
64836
64841
64875
64892
64907
64911
64922
64927
64933
64939
64964
64967
64987
64999
65011
65063
65074
65080
65146
65164
65214
65227
65248
65268
65270
65285
65287
65316
65332
65418
65427
65482
65485
65502
65515
65523
65557
65558
65560
65568
65582
65604
65610
65620
65637
65680
65729
65746
65831
65843
65929
65948
65971
65985
65988
66053
66055
66115
66127
66134
66182
66202
66204
66209
66220
66247
66300
66365
66462
66471
66478
66479
66495
66504
66551
66562
66577
66585
66590
66597
66598
66617
66658
66671
66673
66686
66687
66693
66703
66767
66771
66831
66912
66927
66938
66941
66950
66951
66955
67034
67040
67042
67077
67085
67157
67173
67226
67239
67265
67274
67281
67301
67307
67318
67323
67333
67334
67337
67374
67385
67423
67433
67435
67451
67466
67486
67491
67502
67505
67511
67517
67524
67627
67629
67664
67682
67706
67725
67726
67739
67751
67775
67790
67800
67833
67892
67921
67953
67957
67994
67997
68018
68029
68065
68120
68175
68177
68207
68211
68240
68248
68280
68287
68289
68343
68355
68359
68407
68414
68415
68451
68465
68471
68480
68494
68499
68537
68545
68562
68564
68582
68610
68623
68635
68648
68649
68659
68697
68719
68721
68751
68768
68780
68782
68874
68909
68949
68955
68958
68974
68992
69005
69026
69031
69052
69057
69070
69095
69100
69104
69118
69128
69130
69168
69217
69254
69272
69275
69310
69331
69335
69344
69359
69367
69387
69405
69407
69410
69480
69481
69482
69555
69586
69591
69676
69683
69686
69702
69716
69752
69781
69794
69803
69806
69875
69909
69969
69997
70015
70065
70155
70248
70273
70283
70307
70318
70331
70342
70356
70365
70378
70382
70388
70389
70432
70441
70484
70499
70507
70510
70601
70669
70674
70678
70706
70718
70763
70773
70786
70833
70841
70842
70867
70871
70872
70879
70912
70943
70959
70990
70997
71006
71033
71073
71077
71207
71216
71245
71258
71260
71264
71315
71345
71373
71457
71474
71481
71509
71530
71534
71548
71591
71659
71660
71672
71686
71697
71709
71773
71781
71839
71844
71881
71883
71908
71927
71928
71936
72000
72004
72006
72054
72055
72063
72081
72082
72129
72130
72139
72144
72170
72172
72182
72196
72217
72228
72238
72270
72323
72355
72360
72371
72384
72443
72462
72469
72476
72479
72497
72521
72546
72605
72623
72633
72652
72654
72711
72737
72848
72865
72871
72890
72961
72983
73043
73049
73086
73094
73099
73148
73173
73182
73208
73214
73224
73273
73294
73301
73321
73337
73364
73370
73443
73469
73504
73590
73637
73655
73657
73689
73735
73742
73746
73749
73767
73798
73803
73822
73824
73829
73853
73854
73892
73893
73905
73924
73948
73957
73968
73980
73998
74023
74039
74060
74087
74097
74133
74151
74156
74171
74215
74220
74222
74224
74267
74274
74284
74289
74326
74404
74546
74560
74564
74585
74595
74599
74618
74627
74628
74630
74674
74693
74699
74701
74703
74707
74714
74733
74788
74806
74837
74918
74923
74973
74977
74980
74982
74984
75083
75134
75138
75156
75182
75196
75215
75228
75249
75265
75270
75278
75279
75305
75365
75376
75383
75388
75408
75424
75428
75500
75524
75540
75546
75614
75627
75656
75688
75699
75714
75717
75724
75770
75779
75798
75807
75825
75826
75848
75890
75903
75921
75979
75995
76022
76025
76041
76068
76104
76109
76175
76213
76240
76241
76260
76262
76278
76284
76326
76350
76433
76502
76576
76582
76584
76597
76622
76647
76681
76723
76787
76835
76850
76861
76863
76877
76897
76920
76927
76951
76982
76990
77032
77105
77116
77176
77182
77184
77235
77240
77241
77249
77253
77299
77300
77302
77303
77336
77375
77397
77404
77407
77411
77474
77516
77596
77615
77622
77637
77658
77667
77680
77713
77759
77803
77843
77850
77854
77890
77914
77938
77942
77943
77970
77973
77976
78031
78059
78078
78091
78109
78117
78199
78224
78264
78288
78292
78321
78326
78339
78354
78400
78403
78414
78467
78479
78500
78514
78517
78542
78574
78583
78646
78689
78734
78738
78761
78765
78773
78784
78796
78822
78862
78876
78883
78899
78914
78989
79035
79044
79051
79068
79096
79152
79167
79200
79207
79255
79316
79323
79326
79328
79338
79346
79354
79357
79362
79390
79457
79504
79554
79642
79648
79672
79681
79682
79696
79705
79720
79725
79737
79747
79751
79806
79807
79812
79829
79838
79876
79899
79904
79922
79931
79932
79934
79935
79938
79945
80002
80003
80018
80023
80027
80044
80063
80083
80085
80093
80100
80119
80134
80149
80161
80203
80242
80244
80268
80277
80321
80325
80333
80337
80345
80362
80363
80365
80380
80413
80437
80450
80458
80488
80512
80521
80527
80530
80541
80575
80577
80597
80637
80678
80681
80721
80724
80735
80753
80773
80797
80838
80861
80881
80893
80919
80940
80941
80942
80953
81012
81024
81026
81057
81068
81098
81100
81130
81146
81150
81174
81198
81209
81210
81213
81219
81294
81320
81330
81360
81389
81411
81437
81460
81484
81524
81529
81577
81589
81595
81636
81641
81648
81655
81664
81676
81680
81682
81695
81708
81709
81710
81729
81738
81752
81770
81817
81852
81877
81950
81951
81976
82045
82048
82075
82106
82130
82131
82138
82171
82184
82206
82228
82276
82290
82335
82339
82348
82351
82359
82383
82387
82406
82419
82422
82426
82436
82440
82486
82524
82533
82550
82568
82569
82575
82609
82634
82639
82673
82679
82682
82699
82729
82738
82745
82771
82832
82840
82885
82892
82896
82917
82944
82953
82959
82986
82989
83027
83083
83119
83138
83155
83168
83169
83176
83194
83198
83200
83214
83278
83279
83280
83286
83311
83364
83365
83370
83381
83390
83402
83515
83524
83550
83565
83588
83589
83614
83662
83681
83688
83693
83697
83717
83719
83736
83742
83787
83839
83907
83932
83949
83953
83984
84076
84096
84103
84129
84144
84177
84178
84194
84206
84221
84247
84253
84292
84321
84335
84339
84341
84385
84431
84434
84443
84475
84487
84490
84523
84567
84616
84646
84653
84677
84687
84718
84720
84771
84791
84823
84841
84844
84845
84904
84936
84988
85027
85032
85060
85071
85086
85096
85099
85114
85115
85153
85177
85220
85226
85229
85268
85271
85349
85353
85403
85465
85478
85512
85513
85518
85519
85541
85554
85608
85633
85706
85715
85720
85725
85726
85731
85750
85777
85779
85792
85803
85813
85818
85838
85866
85901
85932
85937
85950
85967
85969
85990
86128
86172
86279
86294
86299
86340
86365
86388
86409
86499
86534
86545
86578
86583
86638
86644
86645
86693
86705
86708
86768
86790
86797
86853
86895
86908
86914
86929
86962
86986
86988
87011
87032
87038
87051
87068
87080
87108
87134
87139
87145
87218
87224
87227
87232
87239
87248
87278
87283
87284
87316
87322
87340
87400
87435
87463
87478
87496
87503
87505
87564
87578
87592
87599
87606
87610
87633
87701
87711
87717
87737
87749
87758
87804
87842
87859
87903
87911
87912
87926
87981
88031
88037
88049
88057
88072
88073
88083
88102
88112
88165
88173
88188
88213
88214
88233
88274
88275
88298
88301
88304
88310
88326
88331
88371
88388
88490
88555
88627
88637
88643
88655
88661
88676
88697
88757
88762
88764
88775
88795
88799
88802
88819
88824
88830
88837
88846
88870
88888
88912
88926
88958
88968
88973
89048
89061
89064
89073
89086
89129
89199
89224
89256
89342
89354
89369
89389
89427
89452
89462
89483
89492
89505
89524
89528
89536
89585
89587
89672
89675
89683
89751
89828
89841
89845
89868
89885
89906
89933
89941
90005
90025
90109
90196
90209
90216
90248
90274
90293
90306
90318
90358
90390
90406
90414
90417
90420
90498
90514
90521
90534
90557
90566
90571
90581
90664
90689
90691
90708
90709
90717
90720
90826
90847
90870
90921
90927
90931
90990
91031
91035
91037
91057
91107
91109
91132
91208
91240
91270
91296
91306
91315
91395
91414
91442
91444
91557
91579
91581
91602
91608
91640
91707
91714
91775
91797
91811
91814
91840
91877
91882
91893
91914
92003
92004
92058
92063
92077
92079
92086
92104
92126
92145
92152
92154
92182
92228
92236
92255
92340
92369
92382
92459
92472
92484
92566
92611
92630
92631
92729
92742
92748
92749
92781
92814
92817
92847
92886
92888
92911
92915
93000
93002
93012
93024
93044
93100
93230
93267
93278
93355
93405
93423
93466
93472
93482
93498
93512
93530
93532
93582
93583
93660
93667
93701
93712
93713
93752
93755
93790
93811
93812
93877
93881
93884
93896
93898
93929
93947
93982
93991
94046
94084
94093
94125
94131
94139
94163
94172
94184
94185
94186
94188
94205
94251
94266
94307
94364
94387
94395
94433
94439
94442
94482
94531
94561
94567
94578
94587
94607
94629
94647
94650
94666
94695
94712
94737
94738
94749
94752
94761
94769
94805
94807
94817
94833
94838
94854
94918
94921
94932
94997
95004
95015
95022
95075
95094
95102
95140
95175
95252
95264
95269
95286
95320
95336
95384
95386
95391
95405
95429
95432
95463
95464
95503
95538
95567
95575
95642
95645
95674
95687
95733
95764
95773
95796
95801
96015
96028
96040
96047
96081
96119
96164
96173
96216
96283
96284
96303
96334
96341
96345
96393
96402
96476
96479
96480
96529
96546
96588
96602
96629
96663
96732
96799
96809
96832
96858
96907
96996
97001
97036
97040
97062
97074
97102
97125
97130
97131
97151
97162
97190
97199
97202
97203
97239
97298
97325
97333
97345
97346
97468
97469
97556
97602
97627
97669
97697
97703
97711
97737
97742
97792
97832
97844
97916
97921
97956
97961
97970
98010
98019
98023
98103
98113
98143
98175
98232
98280
98295
98302
98309
98345
98368
98406
98410
98415
98573
98595
98601
98602
98618
98635
98684
98700
98732
98734
98736
98767
98805
98823
98880
98903
98974
99063
99131
99134
99160
99166
99194
99235
99257
99260
99276
99287
99303
99309
99379
99415
99455
99460
99465
99493
99522
99554
99564
99588
99605
99618
99625
99662
99726
99774
99815
99852
99909
99915
99996
