054603
004690
041511
066653
095791
027515
039878
033924
055528
079069
080591
031689
029112
016603
054294
023716
012087
037651
078343
092441
064250
049915
058552
085563
069149
070872
081235
070551
032017
013573
022172
057868
068618
046031
059796
064547
067235
008151
060925
042486
095289
006428
018330
014477
069702
074143
012855
015570
076104
007188
056589
005624
030744
091188
081027
047244
072148
070476
001598
092911
068441
074752
066210
074893
054376
077299
073463
014710
012518
026029
025367
049482
044973
058638
004389
059728
020001
055810
002121
071783
094283
083214
017129
059036
079631
025039
010816
050134
034205
062490
045259
060717
063143
098307
088565
053725
052044
048027
018275
062202
091375
032293
068341
082156
004405
095390
033726
039258
083308
030932
072886
020166
039516
027388
044267
057140
080706
073826
037548
030216
070537
035405
045895
065524
009800
027642
031096
033774
068459
020429
057534
033185
084541
011445
051583
077488
044605
040114
092749
032749
098527
088651
058430
018257
038137
018031
091489
096463
063323
094507
031653
038715
045466
048347
048471
088352
048444
086937
006267
019532
081591
078168
007878
072665
061657
032228
053232
069154
032287
097287
007525
004973
039239
065759
083862
029298
057074
027016
018598
075857
070719
063666
057304
089430
037865
034298
049958
015495
044514
019958
047688
076241
024330
007898
078749
068474
020855
068203
039810
044017
093466
008359
031596
042375
094094
081902
022717
076797
037197
095716
075933
054175
005620
045141
065791
020101
041751
018690
031536
020044
037931
069843
031837
003760
056031
071143
064852
022504
020273
074209
076250
026710
058968
091733
047381
099453
092464
037223
053557
000696
071176
053696
093797
004225
031230
059757
038343
084938
059802
091156
