034044
048665
026514
022031
067699
077996
041383
076732
000707
058467
016583
091622
062673
009326
020110
049590
054167
034077
005351
068899
054307
014452
017291
039559
048071
052339
047160
083657
010035
000712
063806
066728
095726
015267
052460
057510
083096
033715
088596
098635
030648
052810
081159
006902
074529
045605
078489
042159
016318
065901
037073
074823
091002
057221
047479
049827
098833
088567
016306
034883
082231
010649
015057
082885
094746
032314
012442
039591
013455
056870
095317
001818
073261
093396
090677
059904
088236
095222
022850
034722
002364
069176
047713
082339
009532
068366
093849
027469
068086
026850
045280
073951
027853
008463
012204
027264
009176
018756
069440
072259
018772
002251
011654
012395
011913
087091
023203
016850
075774
071188
035619
058472
070351
023718
049108
045282
030426
015233
072130
024285
042010
008808
049325
044934
007296
024386
024871
061817
025485
066483
032014
024563
047833
097685
074224
067776
026653
027700
038320
047647
090184
079189
046851
073485
025516
009951
055681
009431
064548
035805
064337
093804
080616
023112
064274
074546
019887
090797
040365
043313
006690
080995
059272
042854
042757
088173
084253
047093
068457
029465
047204
022110
050303
001232
039846
041934
036357
000045
091519
099603
099269
024985
000033
072412
020133
037500
002144
037748
016615
053000
074956
045189
038521
070278
017906
095883
077162
075287
036581
009813
018280
052142
091066
083672
085566
033367
031757
017964
067763
092924
062149
044463
042031
054085
089122
039772
076861
035450
034011
004603
068421
000798
085400
029632
052284
036861
034481
033377
024144
009883
068522
012446
079512
009792
062537
023750
042564
015673
066135
061200
066342
027760
006938
041909
021992
024036
008443
096500
011093
060035
023352
002288
096657
027249
039838
033773
095336
034858
024684
027920
064193
041137
066127
075657
039801
006655
097087
046411
058981
095964
098105
040467
014532
067177
059095
017605
046881
056568
015744
030682
033976
095318
013685
062697
080292
067065
064805
042228
071601
057993
035262
042379
006033
039329
093001
009380
006871
082654
004328
003311
098340
020010
075325
016358
017586
009564
048013
024952
046181
029101
015855
008417
056881
023069
057095
036351
095577
089347
002445
041607
033193
041784
046675
006903
016303
009850
070078
014666
078759
005393
019571
071797
050554
018107
094353
033863
073091
053986
049265
045061
043169
029478
025732
098765
009829
000436
034477
054563
025045
049180
036820
014046
032834
020368
094271
007594
075083
027462
039758
023641
059358
025112
006440
044988
084960
006936
011520
052306
040003
099096
048447
008375
026461
094445
084802
025530
061244
040303
069500
049112
011075
045607
023583
006989
050587
011055
030309
038306
094764
029473
035972
019333
015752
022679
042798
060500
077939
094411
095029
022948
045084
017758
099624
082977
064329
063294
023297
059996
075973
028541
010709
052865
049890
028001
010001
006632
007474
032634
091866
054262
055776
053022
040488
012759
096344
046882
094636
082239
073019
001763
083505
043746
065307
050241
043549
074718
088804
045328
016504
028124
029383
032077
056126
042349
000447
034119
029317
076546
007953
034041
083299
071148
042405
024633
067739
001358
047855
082076
028023
051506
048221
099660
036995
043758
050704
044663
099461
016090
061064
071010
029109
034298
086314
002449
008321
048872
048743
015483
030858
035003
032661
011302
055147
055327
039984
001923
061213
032034
020524
069348
011218
013897
043391
053348
048909
030077
051575
083445
027794
070262
034111
064650
095681
084720
045134
061440
057800
027114
077444
080805
058389
005635
031184
034960
091180
017229
015171
049627
080214
080608
092238
008642
057925
068670
021592
055089
061804
034555
023103
016914
026350
052999
048545
089775
073238
056224
090025
015345
012419
049992
034660
027530
049491
095320
017188
023357
032293
013130
023785
072016
036864
061002
011614
053353
040919
078261
005881
029893
032133
008588
051044
096541
060866
004973
042971
064749
081469
026775
066390
031564
005785
065509
021338
030417
015955
097173
058048
004583
039248
044643
018560
038451
080949
047752
025649
009479
075929
037351
098976
025255
008791
015677
064282
023047
076454
095777
066777
078789
062811
093791
097485
029517
065971
067543
078588
023734
069947
052454
052294
098342
046778
000351
030907
006374
036250
010506
017580
006895
030338
053879
014919
029865
075735
053477
031959
025123
048861
064606
008874
065321
000217
003411
031067
018245
018056
060360
060409
063646
097284
050792
038168
099061
005787
056587
028918
020059
066479
077041
029410
088188
020936
040137
074535
047709
064706
010310
024272
024507
079624
038036
020996
017191
073902
065702
046350
049446
042448
041901
053468
034296
011821
035625
009744
044778
007387
017754
009327
030732
043478
087020
033441
043678
078559
015401
032707
079710
016347
058821
005029
069310
016305
041113
084919
033704
028835
089970
091217
065680
029769
026426
010334
095043
044609
051618
056929
099403
029292
071464
079707
014204
099255
023445
075175
005076
065305
044619
083958
020069
008250
029367
029921
020268
041664
072554
073796
010791
036762
019136
042093
097081
098410
046274
028217
060585
053052
063514
045185
061282
027561
025863
012762
007534
039033
004978
003563
026142
068679
006369
001904
076302
093188
074643
025773
049607
024661
055862
018451
065461
097873
041068
007669
088143
053485
058107
006502
046433
019494
036228
054860
096421
013066
091401
018598
000368
072310
054320
016754
057948
065058
069117
043636
054718
058878
049636
072089
075005
072771
026253
015747
055246
050451
038384
082251
017129
064527
037687
032935
043460
003369
036670
075602
009806
042129
041940
008841
013493
008180
045402
002617
093061
038639
073804
026800
057326
053901
095791
095371
054200
054790
023005
016197
028292
022559
048742
012168
072575
060926
076053
048202
052438
050029
000046
025923
013767
021941
094561
083163
013122
030663
065871
034546
016825
044089
056791
027143
091292
026306
030276
049836
018991
067031
012187
040985
031262
069149
039150
010474
026746
093735
075832
095755
003216
025713
067617
086928
067286
025812
032275
083603
023627
029988
073241
067307
040672
053200
036367
002296
053354
081410
016708
078300
044219
073272
044281
054625
051649
052975
096644
062963
079128
057324
039306
012513
027762
046533
014866
074723
052683
031185
005025
005544
069258
022749
053020
056027
041511
060872
037736
045103
046166
099340
029090
088009
088430
068980
026539
055109
013537
017420
096726
034294
023160
066978
062112
060862
026621
067086
077326
042801
009965
030586
010806
012264
015735
094248
058684
096409
025990
035375
093583
086760
039064
037681
070778
090369
073170
065769
051037
078833
043721
086506
045378
074237
055937
006631
067285
027585
010992
083245
079137
052875
033430
049249
081109
051694
037639
079126
031373
070891
091972
027325
043389
059751
042309
019450
092765
081278
021617
021041
061182
007914
067975
086630
009034
049130
049019
025307
047482
052749
068013
041658
035400
026817
077710
068388
024821
099117
087503
011321
075237
033334
060143
049886
033172
009887
058867
037729
038558
035769
026005
055963
011029
044131
027908
042863
032154
068328
046793
009410
081919
030263
030265
044344
004024
099886
018148
054143
048365
070872
024794
091449
035212
098796
044605
015513
078542
081163
040922
029029
070959
082036
048958
021493
060492
012045
027373
020225
042190
018949
028005
030129
011830
003164
052302
024775
039278
072413
090641
061236
047504
054269
042552
072872
002743
033300
096253
048290
019667
009452
072073
028527
003094
041859
045146
001186
033461
007605
050940
033955
005536
028592
034845
066480
087805
056593
052564
020921
057368
044524
017344
057550
019147
060407
060562
006554
087279
004579
032773
003782
013233
000243
000082
019037
043356
091646
038064
055539
092947
065515
095338
080384
080464
041833
055829
024259
055597
012536
095849
040995
073324
053630
035423
022257
004571
042208
095405
015796
050508
025221
085582
076726
078848
026413
037270
068297
030716
053744
024776
009300
050751
021872
043983
010912
034049
040133
046104
011669
015962
086536
018076
014784
016109
054294
040838
038981
066846
048800
045857
022913
073841
034990
074399
021434
064512
007078
017700
093645
034400
036501
014411
069173
079532
044704
079070
009170
067203
049052
016840
026785
037406
035660
035720
090667
018724
000344
086356
084013
028960
079258
020676
034689
046737
091845
030848
021763
040921
030720
025878
073168
098567
037698
032557
034485
003785
039131
038101
028509
040803
067483
030318
068765
056168
019741
065947
038830
095319
055213
007943
032204
032285
038829
066670
020590
073667
058829
021551
017713
060184
062676
065149
000572
006259
012263
001995
025889
092953
046136
056048
099182
028662
043970
096147
082121
034754
034718
082569
000216
053442
094961
065560
039959
071319
060924
064170
053009
096912
035818
036851
089369
012742
008116
000974
047650
036743
000356
020180
093322
094210
071874
046801
063550
077071
095561
057107
056353
027738
015940
044192
099411
036506
074221
080255
080673
003886
076837
089048
007595
009949
087034
069847
044485
048164
079405
009624
003273
045704
001897
022522
083681
036111
015922
061997
088688
030118
008612
075333
069379
074337
013176
019946
039827
019076
049930
095051
023912
055023
091100
041413
087956
091910
018664
088597
031350
040738
033553
087850
029070
028570
072806
076695
022940
005903
087175
088928
024400
067433
002180
033791
008601
025580
027487
096158
052325
033186
073482
025048
047125
053856
006875
051354
006927
092472
019268
059833
081359
089683
000500
097442
062998
093111
093179
060671
063650
001375
007285
089934
049196
068085
012812
000240
061341
045264
005533
047144
020240
091892
064186
021975
059331
031466
091321
081241
016623
017213
070273
029300
035490
046265
074945
045664
033414
045324
049973
023916
021018
018288
068053
064014
029404
044334
036165
079935
074236
021511
038418
055679
034838
077372
013184
004327
026054
045875
050958
099971
049863
013136
032794
069182
073101
077245
040275
052338
073858
013390
004367
099517
034347
043238
045683
018881
047627
034606
048379
000212
022377
004769
089350
098752
003048
027004
065676
078796
005505
053099
038541
092197
088716
061736
031678
098130
025266
066950
042383
053685
033044
024116
008756
051305
052786
085867
031290
094373
090862
014639
038128
056074
001475
089299
036240
099139
062819
013199
019313
016185
012027
073481
031617
057369
047544
001682
040835
090513
005763
028978
016375
050634
000289
069402
056144
006911
018478
022755
029377
080849
042764
036888
046495
058283
049820
005068
003459
035091
087342
047350
055731
032218
006301
031689
046836
015895
022908
042509
071681
045201
013925
038859
007754
031149
060626
076948
054604
023101
049812
011163
065764
031527
045964
096321
032093
059989
039406
027278
009584
097857
078654
071919
070794
047566
045834
019428
092956
058900
097012
075299
014196
077650
099062
058264
047002
026187
003197
066493
043761
033783
053235
040781
062930
018529
051772
084206
029027
083890
067284
069762
007998
085898
084107
050035
022888
049891
022138
049498
029923
088987
088213
003583
049136
045040
035713
060665
056945
037882
033272
030547
051464
099722
039089
039980
076444
033037
047913
063460
028723
082200
031308
022280
037942
035901
057332
038934
044465
010859
092617
072907
038587
073794
081292
008437
079659
068175
054257
060203
049919
024117
028230
002902
062864
052395
004050
095627
029358
016686
091832
061143
068780
073063
033498
016516
045583
077338
009941
009146
025984
049974
008753
028773
002136
026249
049928
090926
080511
090623
064273
097657
001603
062617
017412
074018
012992
005839
091488
069578
015204
070637
016521
079365
034992
049633
064547
070480
044227
056747
042499
028519
070318
046511
016412
009173
005295
004900
017315
060338
079589
038938
047961
036574
081856
067703
032038
000075
042677
096889
064604
060173
096291
007163
034860
024226
031156
064558
040324
083774
095941
039997
010673
081330
045778
002135
029673
081709
058637
017096
035305
069826
031520
073972
058168
047252
046586
023310
015341
085071
014695
016548
003711
067238
071850
095464
064901
085374
035633
042260
077935
037282
064976
030437
039461
061842
078760
043200
043441
011287
069144
047389
015337
060644
020529
046508
059030
011521
099260
029386
015608
067754
086686
043010
071383
074085
027533
021353
077213
047230
009667
061949
024225
086467
097711
041665
076491
003916
031619
093008
080705
088083
005055
014166
016738
021655
062624
042789
017814
046377
096538
081443
035165
087759
058790
080364
005573
072276
005427
098825
069271
052673
048698
029245
048336
091102
077024
005581
039503
073793
003476
040788
050652
010222
034076
015220
086478
049905
057675
020840
068479
007371
007226
028912
067301
062181
097324
078337
043246
086378
013923
021692
016911
034035
093304
050643
027551
011213
006310
023433
091683
018917
010750
023048
063396
055674
041955
050835
098906
057291
093809
004199
000516
055434
017568
021491
048641
025670
027511
043838
049490
084792
066755
002987
044490
000972
000263
021056
026177
019812
004404
011406
045627
065150
049414
021426
049826
029571
007681
060722
086819
054867
064181
077623
009894
057200
079522
057047
088543
027060
045239
015042
037301
069766
006714
023158
062755
038857
016334
083889
001359
039171
000438
070675
029409
010448
059528
017259
085525
046458
085541
082184
020453
036086
055999
024292
061904
013153
031106
059783
086342
044621
056705
089004
044700
044705
000884
058146
002250
039923
072286
065592
018375
030128
029523
030015
096676
039504
006308
028196
063887
094619
012557
040662
062683
065794
036473
041971
057237
084578
087487
035725
007152
062153
048843
056995
003957
095986
030271
028513
049706
028266
089828
069318
011893
025118
069227
069921
030443
048208
084575
097287
026525
075835
026938
036780
069843
043388
015598
018049
074778
029757
007524
004895
041548
029668
050095
002983
034716
071815
046564
024864
083690
078245
050097
080553
008730
032238
024366
037263
066889
014549
034712
019244
038505
077685
043422
068691
082461
066717
027909
071377
057682
057235
019595
094168
048233
082959
094723
045171
021848
058548
073162
099451
040442
034760
031737
021656
039051
022956
042071
078766
037273
088343
037480
075697
084281
015584
054564
091615
025359
087640
015867
043423
074117
031620
052600
089553
081563
043650
024550
079782
027316
011329
026640
051290
017257
018854
004686
032317
075178
042871
042643
050952
086247
019799
064913
075972
039260
049240
074511
036838
012964
033617
094586
019007
048151
035578
074709
047376
079051
033544
035816
005818
078084
019515
053410
043414
034593
049269
041455
084735
044385
069322
028244
047664
069038
019615
064266
038435
018699
066563
027963
011253
057881
093543
046946
072703
064554
069933
060727
091602
033761
044838
094756
093728
089529
001416
060616
038479
077516
043932
071095
051753
032413
078804
055573
024239
052096
073986
034697
005717
027810
037178
025269
080152
022270
033288
054376
035032
070303
030032
057402
047355
060961
014989
020077
010751
045820
098280
076104
069104
033951
080298
059401
096850
052959
054542
088054
069472
082782
066074
035270
027170
047613
099871
076897
086803
027230
041164
022589
042011
043541
051599
098772
032552
032526
071447
057375
040265
037316
078859
013694
019996
026308
066912
044173
084814
006649
092368
034281
081038
005600
080420
031158
015050
036002
056095
023430
026974
086144
068993
050444
018646
030629
000248
096637
021189
037105
024708
053613
037361
052427
090640
080100
057981
052791
067584
019593
025171
072956
046984
039578
060088
039034
048730
006791
045308
072839
048103
055780
022059
053222
047099
010559
022968
038727
019974
013123
026911
047477
074636
006747
089884
021817
008018
029336
026116
025964
060996
050625
042980
036354
053122
073165
059377
071872
048123
039925
024071
019658
091347
060704
020480
011794
079536
019774
063146
038806
065643
081262
031545
002697
076647
051367
033992
002963
019834
014834
077590
016659
094720
043067
004564
068755
087322
074635
066947
005069
026829
012226
012203
072024
054247
025386
032499
008169
003817
047551
034719
006119
096997
018689
080095
094495
077791
015804
018595
056432
018575
047101
052634
024122
067650
044365
077593
057202
067751
052150
046302
032193
050174
049382
007687
068982
054685
096513
010248
042360
040761
055461
030574
092681
073499
090287
048048
018859
051699
091032
067412
078901
097314
083491
035133
078198
020281
057505
087472
081595
020050
006130
005151
041409
082667
078180
029904
054559
053103
083781
037245
015420
012319
081508
033380
063131
009126
058890
075608
017130
012222
027976
065584
060497
069201
092666
059622
046447
076385
090523
064844
049507
086091
009121
024988
038340
052001
039553
048483
077670
048349
091357
073582
013456
026492
070077
038026
010009
047963
082425
052160
046032
084729
029816
040287
065793
094164
069241
009080
095550
023216
036324
028518
033902
034321
087431
092606
080120
086638
023119
048259
007242
065136
057767
056628
088066
016984
085878
097880
088882
010561
073605
038993
016674
058065
068039
056773
025173
067691
007760
034032
053181
008146
098422
035559
013838
072275
058936
031499
005613
027758
058787
050811
016537
027906
036807
018920
018105
022073
078874
084144
001691
004877
057001
036144
050328
089384
002142
035228
023401
064532
045533
014518
016492
089132
048030
084426
019323
066976
041387
012713
020550
003731
008853
021044
043709
044558
042168
026282
016244
076739
002170
005861
057766
015071
086110
065505
020152
048135
002089
094360
055273
013249
009849
097374
077826
021023
047530
028774
047981
020018
074906
036466
090723
003574
054964
098863
075120
030704
017124
044550
033681
048685
011879
013933
008863
046335
073005
046729
006567
004837
026137
017254
032362
068942
041373
089008
082660
029048
078319
015199
054295
013452
073309
029099
017893
055476
092077
047944
067389
037998
013987
077089
065204
028871
031410
018179
070030
052346
061252
085382
066621
016054
056357
056759
067833
009119
036134
053664
048473
062404
040829
004828
067651
039156
088210
094621
042203
023035
064344
039882
076271
043409
054184
024981
081116
053084
007559
031451
003722
026438
078717
059510
073219
066100
099873
042959
036914
041611
013881
048992
075933
007476
097603
048325
009784
070022
067962
095242
049685
011393
066831
028281
044362
088426
034515
092182
091592
077521
082917
037303
045976
055167
081101
046623
069002
018064
078937
031636
050290
085932
018679
037618
054927
074782
058567
031387
029965
051333
008042
051349
076562
026357
012902
043710
032851
019018
072492
051202
028593
015558
004300
045029
043606
082351
074793
076550
037815
053734
004680
037488
057179
059905
049334
022023
077038
032966
063694
001915
007970
036304
049428
064355
006560
032687
029744
009255
007210
059533
063644
072472
012399
081583
022119
059720
008665
016522
067516
080880
008809
045071
099546
054029
014798
064808
065486
007868
028258
058320
057118
087440
062661
004982
026240
008921
070502
054289
025205
092469
033884
008916
011262
011488
077790
073806
062781
053404
090774
009769
054119
061986
096818
062693
042091
085895
032604
053765
047999
002859
025195
044157
004106
030358
024883
098861
027384
074931
023256
000947
016923
047707
035775
083250
033726
061214
047651
095397
053621
021361
074763
072030
014599
044908
084766
089325
053025
027946
092876
098514
059547
038481
021476
049573
095629
057506
091851
008792
093576
019621
096088
045570
031875
026773
077552
094139
088105
078014
005059
039154
024422
015585
072501
011077
075761
046359
057099
021764
026507
037211
011955
013236
057832
036253
006138
066433
061662
015495
016755
033627
033080
024798
061552
089185
058670
034549
095049
043044
095452
077644
008807
011465
026414
025633
053226
093868
041454
060227
006571
086155
065765
054431
096959
075428
075995
050495
078473
035915
052817
061782
031174
097850
017601
097417
090219
012562
030076
030380
032646
042044
009230
000931
009459
088946
017685
089790
096355
015889
090607
039145
039081
026159
089258
060734
062622
085563
070616
010086
022776
024452
030525
002672
052938
050593
049111
048520
022287
035202
065071
048050
019807
035271
069775
017536
078753
017572
056305
081951
007980
010032
059777
020134
054072
047282
003589
017427
050445
017272
072757
054996
049039
058482
049714
022668
028884
008822
069166
006221
049941
073245
015303
087070
098846
042446
003211
083015
060646
072300
030306
091399
053062
092420
090312
067147
099511
052521
097162
052737
057397
074622
037485
074735
032357
056362
082615
095600
053233
044053
039589
024033
054725
075795
063235
069407
063825
081424
056939
090228
056780
065341
043819
070256
095956
057681
029915
060091
025393
080580
052248
004126
011136
036536
067886
013496
003725
061115
058460
029458
011112
026954
005796
006979
050680
082486
072593
045111
002172
068875
029162
070388
022172
016008
048213
018815
025799
031327
019495
027973
081588
041333
028629
098115
035589
012832
009890
055481
016384
008573
078003
027612
056686
051003
097956
048965
037529
050550
035107
081418
061789
048082
057086
081512
067448
016547
064703
027898
034796
019894
037233
075848
092849
094523
031300
046273
058484
052879
084247
061940
026548
037133
049657
034330
093953
058553
054599
054114
062071
090350
019505
004040
013080
027850
023773
099772
047730
019674
016345
087151
079014
016785
058297
060603
012116
075160
022372
016626
010433
024201
058436
057834
095688
031859
038354
061316
025995
045310
066873
018897
018265
091175
011108
050082
056985
009615
093459
020501
019532
033376
099721
015334
066796
055684
088524
029286
083099
088308
052413
013433
003587
029701
088130
074316
064584
043805
030194
079944
048507
008668
058842
061597
001073
056416
033384
062328
029837
086996
059309
036945
060145
014554
062613
020095
067274
080720
016824
010053
087247
060703
054302
080907
048748
018697
008442
017987
038793
089640
038913
053634
022220
030304
068745
031452
057887
007253
021824
021972
076500
077113
005871
008064
061179
044097
063011
035865
045452
079065
028417
023878
053579
066594
005080
048836
050049
073833
060396
074387
065057
001158
016265
009058
023503
092668
023539
077561
025813
056473
068313
057123
033730
003644
093030
028772
074153
038431
023934
018861
047890
040349
038529
063716
028798
000593
063313
087737
024458
043588
035018
038763
034407
030520
083111
058727
026986
021076
008242
011528
068860
096773
001625
018279
021894
063296
075142
042142
049075
073657
096809
058984
048058
064368
075936
020014
085379
014602
029287
033601
024591
058590
005435
053706
018530
025563
040967
082289
098755
087144
026662
073980
092038
093426
015001
082570
007420
099499
032888
000717
027174
087344
044627
094909
061506
038715
033113
064590
035571
063455
093320
032573
097556
036317
070472
045597
032208
084497
065618
024200
014993
024960
035066
031003
053851
035572
048561
005882
053401
050767
080735
042113
078434
068849
009801
048268
048982
047753
003333
017515
058657
031147
055773
032453
011522
089012
097489
008472
066680
047189
048282
037803
047360
027998
012266
073214
056844
077774
006664
095974
061931
089517
084904
007999
080365
007341
092378
024348
047577
043189
021775
095097
063759
049429
081270
018278
063595
045810
090403
058356
031215
028380
071728
001295
060674
064738
040540
098903
016187
039599
077637
091188
033310
040645
065074
029368
032579
033351
003493
032593
033331
083275
057074
051795
050369
005688
062528
063500
021425
008093
020791
041176
029184
065831
002537
052119
093562
096040
023724
016793
078967
015932
063968
073658
064993
045720
037362
048883
003567
039135
049695
025884
031487
058317
095077
083650
003739
023193
050105
003703
030435
063785
068468
028882
050502
037347
039989
028488
069567
035582
060810
008504
011008
061725
023277
095614
030691
070989
027383
092933
095022
037136
037277
009718
015933
021701
060055
007637
033458
046321
070288
081621
059373
061698
053085
028215
035576
010965
046924
028813
058117
079938
003671
023013
062036
084994
050987
024302
072871
099010
013619
003477
042867
059381
075100
050144
049808
012857
010500
033261
081046
068480
028606
097802
064493
058550
025348
087523
083610
070284
012867
051887
050134
009725
029552
007715
070148
078113
049860
018155
065458
067416
047198
041428
077682
069145
015997
076876
084168
011634
039305
023626
077379
006222
027001
007477
053298
049477
054828
054533
014855
024564
054752
053596
029957
027411
091682
042882
026882
005943
018066
026096
027455
029322
002207
093611
096548
028581
094059
027798
023882
007983
088235
028851
022210
020924
078367
000021
006059
063947
002771
016341
011561
009189
054088
089274
029148
075452
026204
096685
037805
058257
040304
054137
057084
031882
049150
076702
083343
074508
029876
023900
027331
090557
082372
045131
023067
042939
008762
085817
016614
011802
064842
007036
090572
054417
079800
025535
011680
062820
003760
070583
062309
014996
083565
040972
012565
037675
036998
001577
041726
022447
019707
080020
038662
012615
035051
080797
034276
050757
018888
063496
021596
012847
019015
026121
057788
011723
082633
014830
077448
069366
060257
075579
072816
048954
071756
024623
033291
056865
041047
071688
084734
081219
073877
073843
056164
028749
040113
077700
042885
080317
034001
042532
034835
048059
018226
062551
003504
020554
017753
020320
026789
017081
019613
059780
048061
085305
027041
081934
031441
095569
075802
025190
039763
083523
037972
086049
090525
074443
078668
089520
059988
018264
001176
085550
025170
094080
008434
051487
054463
082130
010671
079316
023341
081467
064716
006757
081146
010146
090176
053504
043705
027765
045601
043740
018990
001953
059958
006918
042415
010499
004624
009399
065948
004643
056742
001841
097331
010130
070692
028909
016663
014991
027414
082797
028521
069068
049323
067033
063330
074223
097864
006062
083945
057678
044090
055227
043431
093672
074560
080698
096717
080919
034897
005088
074315
001621
087035
061573
072652
008623
030377
067688
041325
058149
030672
053642
058817
016697
001465
055176
084703
072824
042866
091688
069595
057159
006116
022417
013238
064427
014822
079765
061765
032654
006891
041495
012348
032953
064933
032423
016758
019239
019349
058990
032521
003524
033001
049243
046118
096855
019597
096313
060370
081680
044982
003560
087086
065503
081957
054476
095307
026567
042437
037167
025332
001405
052853
035443
064319
066248
061096
063610
022504
062783
008101
016640
057018
034388
096482
091379
064972
033492
023730
055077
062064
026272
029295
078583
072882
000430
045911
072576
026144
066008
080303
012515
060430
026279
074092
088421
039082
067602
068487
069650
001430
063886
055069
080643
049591
061031
080999
073079
096796
036881
005995
049229
061481
051583
046850
091049
046581
004592
074877
005798
020406
090061
024049
084208
051334
092837
097236
077452
082235
089415
061903
015788
045382
050724
077037
016654
019538
024179
004826
026641
053240
004440
064068
080276
036603
071876
025014
001023
020178
046185
032732
072790
041148
056130
091046
090196
071302
088102
092381
005411
067127
097238
066255
032457
021399
037984
070765
001178
051235
099573
055029
080985
073984
078080
048330
010360
051964
057670
041151
015570
074120
058740
083608
001739
042615
044965
038515
012736
048100
029692
068073
057760
063043
018322
092321
037761
007597
058546
037711
088859
062856
069043
055505
015221
062558
050337
079932
054793
067074
032078
048098
039314
005174
063322
055241
014185
050507
058871
088623
085220
044726
078541
027882
020796
070618
067970
012829
033906
034392
022026
074522
010484
009336
027755
018579
024388
014590
053681
075937
049743
047558
043392
090854
061529
088005
058221
007934
054629
084941
095584
094470
072917
066241
083808
055762
080900
090511
000646
095902
078587
061324
050886
078031
083963
056328
015918
001197
045639
045154
095667
000877
006876
040114
043857
099215
007089
083248
035073
004375
054030
078339
004308
022495
013835
038010
056624
032821
052636
059552
081103
084804
022512
066389
073337
055634
041369
004556
035718
024332
006375
054377
092488
059854
096240
021742
018001
097217
062322
017470
092229
029833
000188
026762
075862
022283
094835
096584
013354
075878
090840
018910
074876
066425
030757
012945
058469
055182
054413
008790
033520
039757
020418
070715
009224
028941
056596
027841
044309
069387
059739
084520
000413
023500
019806
087582
090931
084391
043227
090856
051231
031840
075798
009109
036898
070642
090423
077200
015018
056246
079492
024743
043895
070332
074281
060853
043456
000058
032125
034207
059063
064538
026740
096019
068498
095884
043344
044252
073359
057078
048678
033597
043956
059774
066500
081772
008661
047559
060093
020305
066337
038983
003547
084785
099621
039649
098285
016851
087435
061542
076443
023174
082920
037745
060780
028876
007790
081827
099642
011493
032422
064445
099413
081791
061223
065391
072169
028659
090690
042769
028546
040278
009794
032299
049238
047785
024003
026888
061546
025279
080262
007315
074017
075030
052437
082058
061499
049301
065539
036031
023607
078453
037199
047633
031415
079356
069505
006890
013790
047106
083726
043461
026366
086656
004245
087463
009618
085169
045540
027157
085999
094761
076240
063834
077028
059002
079046
071347
037405
068554
061977
006624
058620
027404
067257
062859
090364
076962
047317
039057
054740
064846
022423
026085
081001
092673
001571
019276
068643
004527
059995
011064
054984
006422
071006
030359
078368
061527
038447
022177
040623
064516
001775
076420
072746
060718
031576
012672
097563
002271
077373
000616
067179
007472
082110
016446
056779
026149
004966
082656
095523
024320
018493
081747
042646
005802
094729
029732
098896
036677
013279
033621
085564
059445
041221
066451
061029
039686
047170
079367
036159
052471
004633
032730
000130
070720
031522
030391
073206
059181
099834
011576
017054
023363
016906
087521
064494
062956
001867
007241
067107
026826
072570
079418
013716
083604
075811
046037
034828
053711
049388
045990
038085
046576
068117
012882
049832
067332
045376
075241
005876
026851
068289
074214
046079
098761
073506
095659
022870
061212
060566
076716
050910
082286
026614
041423
006640
038151
056976
057754
073308
029233
064725
055482
039194
017133
088291
078973
067226
062073
030471
035323
011873
027022
086509
073250
006287
096342
009985
073590
069482
056278
083869
080395
095503
019255
060583
076390
020357
011795
051069
089485
006462
052535
081973
097970
042261
054673
009822
036368
006691
041081
008625
086730
009673
021407
061024
080513
062912
020421
077167
035902
061916
009169
000657
034153
091937
000917
084014
093003
086893
091040
065467
059102
014278
088906
006765
098393
080324
054175
067388
009309
063958
072218
009637
026752
003395
025058
015288
039431
053735
068633
067511
050253
036588
049662
068254
030938
049464
042452
026034
074871
019199
048572
065286
004017
054285
089539
094439
049506
050449
086768
031900
004213
009024
075468
054632
032807
082752
041235
085714
062763
006913
065507
089832
099073
085206
091018
037701
021222
087268
045156
037422
030873
005436
066066
074752
067685
076368
027367
046012
066733
040863
080132
034482
070298
027643
056591
023619
081726
008308
023596
082396
002879
012537
010010
066589
071381
015178
028358
092968
003154
070928
089632
038543
008524
021004
058581
090629
025367
086700
059636
097834
048477
005790
068623
016298
030991
090832
022167
046375
051024
011288
008958
049563
062942
013763
098729
043242
029572
078086
006284
046929
086141
025814
011357
027212
029594
042803
049360
049460
043342
011307
094810
008875
043563
038962
020101
013295
058507
045086
076241
020785
087296
018084
079801
016978
080341
045666
081300
071789
075967
000843
002659
071128
045739
029772
057495
020145
062596
086220
055414
025374
020270
043207
006817
044474
005483
035866
037446
005135
099915
027048
018273
066626
028346
095713
099970
008589
081348
023099
026206
019233
044225
038852
092441
050478
005862
015891
016456
013565
063631
055116
015683
067780
063880
066737
025941
009213
017694
049098
050371
032746
021140
007094
052722
037386
094227
003908
063144
057108
032280
085748
082606
072247
013288
076664
061993
042125
021891
056409
042641
069741
076821
022760
075170
051868
021978
029538
027183
097065
089256
030197
000504
084400
029472
063491
010520
051068
039123
064026
092246
084090
006612
028675
058091
032534
022716
055608
018748
046465
053166
008130
089565
095680
047221
067355
008594
034402
041329
015235
042584
066123
080319
089603
085693
024707
065684
073998
077216
088697
028658
079165
046193
001321
037775
084606
005390
014850
046158
017507
066299
035260
083914
082155
001454
061507
014998
035561
065245
022009
049050
029891
023235
080082
017618
002813
061067
098975
013341
075403
031711
094329
070609
063047
087009
069684
074477
027881
031851
024625
040973
088636
077538
087569
037205
013996
036168
044091
006825
092195
014622
026301
003737
001011
041539
030371
045807
008226
037295
096179
097167
024390
047128
043254
004881
090846
047032
051249
005270
060354
085401
044832
090147
061679
074753
088874
004131
002646
071520
020933
028736
049237
090836
047343
077780
055908
076698
013468
019400
097605
045359
011053
079614
089783
097941
096858
006129
034163
007302
042590
065264
089098
056318
047484
073457
099769
048218
033880
007247
089793
069530
048559
054783
038778
046280
034494
046000
032679
040787
016589
032843
070043
031777
008100
018516
087597
075892
021138
076879
044812
012851
077204
079180
070170
053087
027866
044087
008432
042811
010101
050816
089533
018941
078733
092256
057637
044285
085366
022724
027191
074850
056376
000844
073321
089392
067298
044954
065034
062361
042277
077952
045157
033378
027549
027693
012626
062215
013611
057336
036349
092525
087556
055207
051996
013367
050514
047914
049471
046464
039696
068855
033483
013189
001088
092749
000696
092096
041018
038284
033754
005384
011425
039227
090708
077176
088894
030493
072406
059924
021069
050890
043310
091226
018767
038784
030452
039785
046713
087842
005662
045642
009448
000562
030080
055351
087835
091087
095227
050363
093069
086951
060413
037402
026370
036110
028319
070449
094202
007912
002799
096938
014165
026318
006108
094201
090088
050743
077566
074618
092173
024538
063773
086159
025807
018257
022332
043405
093596
089477
004835
025842
004679
046617
035650
092959
040059
076842
067621
042627
051956
092679
037641
071735
042948
038017
049200
058955
053111
088743
090011
022655
059807
071623
068618
058028
015395
092915
094661
029845
016335
022910
033106
059603
041354
057916
030062
048984
006061
086982
046087
015471
045387
086299
008238
020637
070476
029586
099067
087575
016183
042021
078720
053557
032348
056868
002775
099185
090925
093650
020846
073030
098036
042371
081066
051454
032302
032818
085712
065215
071943
035111
066791
034940
023824
027665
039174
010283
039469
010682
059759
000144
089051
014028
047163
083119
015223
011161
040667
044084
000976
049261
085231
050684
064250
087611
018805
006865
056768
009656
090530
038177
037564
075943
066019
077214
056561
092486
039633
043736
084874
062557
000238
096351
018274
000273
065931
062679
049787
014741
002336
008635
093944
043948
068486
082484
091632
061819
032700
046436
003456
011884
028959
069398
077986
066817
039197
085291
066515
000512
059708
078302
032783
032407
066110
067445
027082
084969
075259
072641
079548
090802
096874
048779
009612
075413
021175
089455
042756
069901
063666
037807
034662
021492
085486
082668
089482
073683
056931
025191
084470
027131
068795
031265
056872
027544
003409
065395
083893
006882
060820
038477
083176
034171
064199
005502
089973
020435
005732
042750
021129
092888
015971
080083
059087
072734
056169
079335
062496
051894
095971
032510
079626
044964
062189
047126
062325
056108
003627
097532
010873
025319
071984
083577
041326
064601
056143
053258
066403
029396
069733
096286
009285
064957
065035
049632
038119
037742
009215
028331
009442
006018
039381
061340
030148
024527
076146
081976
042156
025378
019935
054756
082840
091016
070227
010180
000969
019221
078371
025730
014333
046644
057320
034329
095786
078539
076057
051138
030329
081878
012250
048055
031854
055403
039398
020321
026617
087131
072358
042714
084938
071396
048893
077560
088274
080660
038378
055916
080375
036866
074027
023407
037884
043521
056776
013860
008614
020609
003604
073135
083180
039849
076403
017635
016389
099094
051010
087404
019598
079783
027732
037548
091665
064336
087218
017781
061947
083628
048995
015173
050198
058473
075893
018311
075711
030218
070789
031422
030638
083090
036446
063432
083701
084567
024305
014868
045437
000660
050616
030600
062501
030476
097596
090257
053317
004529
027764
051450
080468
088980
000101
059050
053584
049080
012087
076513
018421
072007
092275
065926
069050
073733
047250
000903
063482
026139
064886
060176
002844
041414
051419
032307
076011
073128
032295
038112
021089
021404
087400
050947
071040
026173
033512
090560
068883
071645
023933
076213
031435
036612
041388
081546
010276
026295
005379
045552
071410
029621
047714
041960
033724
006710
041746
057251
060483
087399
075242
071274
076540
045447
009093
084927
075775
032469
054074
020286
031305
059844
082738
086096
070250
022394
009901
086452
035737
068840
077978
022254
080312
015290
079907
099556
017786
041771
074015
041042
066969
090713
044930
008164
064553
023244
014106
006919
054421
009299
099697
045854
086596
097561
011620
006087
012256
070586
018708
000288
078117
099046
029114
055254
072391
057657
041856
039494
034328
084552
099189
090271
061005
027706
059254
028111
049132
082009
031245
040724
077193
037147
056790
097055
016986
017312
036452
053709
048274
025744
096278
031317
011440
059815
054404
088262
069702
004409
068971
003709
039681
034869
067123
043309
083492
012933
078240
042766
011154
010571
017176
046822
037304
071513
014060
019767
067133
045180
081311
026665
062572
030064
011555
098377
040948
039071
010962
041823
082124
034805
073903
091898
000569
097725
084292
035334
041790
077900
070150
003423
049996
064332
081099
071854
090430
084457
051605
053066
083576
036310
066955
079053
048157
033788
058171
049519
072723
091181
040620
076419
059406
028805
066226
038895
059626
014461
081068
085034
081650
042466
072439
016295
028420
082961
071729
080941
071877
000927
061801
001701
066396
022383
080109
013264
041207
006987
020276
073970
056502
084955
078350
076093
070706
016816
014353
091323
019591
040487
020163
042751
065922
020782
071238
028889
001929
067980
011899
051433
021748
050340
064964
030084
009361
088579
085557
033060
068260
084421
084133
060688
060052
032230
035492
030734
045339
079747
074704
070033
017012
007705
075338
066467
027086
009222
007360
026692
062842
009999
076619
040356
064968
085530
068801
065174
072076
032033
045973
018517
091653
066494
012855
085255
099488
061209
068653
005006
071990
066771
008932
024659
090958
058052
050473
031569
069444
037223
021881
075353
073523
086386
064932
008844
001816
061787
011212
088855
015500
074838
079207
005408
074083
099346
011833
076891
069601
096929
074194
044886
064111
054940
007047
079661
089642
025309
022214
028218
043080
025839
038145
020252
014700
086231
035600
079037
097674
039106
078827
014621
049296
070669
016128
094605
076913
021479
040853
047550
096028
069367
043883
053747
033436
009423
039481
052324
039211
022577
023487
036378
076361
016098
044508
021909
095773
057025
048627
028846
026412
043679
027087
033672
041289
021877
024656
095080
030745
020798
002513
093701
066469
085234
000791
029011
003820
070774
037194
097728
083162
053693
029081
027430
066474
043464
029391
036946
038891
067565
072838
026690
000050
028561
099379
035529
041070
075290
033271
003616
071963
047612
096494
018828
072679
090274
010541
066321
047738
021208
084776
006413
020216
071855
055958
010846
070544
050273
046580
025026
037424
057105
002941
024934
019032
076135
080755
068848
023839
040102
015009
003913
020223
065582
084527
039905
037798
059877
084221
031271
078520
003129
036273
083407
080944
016467
030500
031069
076637
011754
022477
046443
012780
077130
005727
079685
014965
066210
002112
085990
051469
051420
044272
093982
035935
004918
027252
009337
045722
040166
008451
012898
077350
027171
039878
087450
048291
006908
070164
005469
039782
088960
034701
092088
082758
040971
015885
031958
020633
030279
080669
014130
097654
058807
059287
064358
033549
098084
098718
064254
006978
009507
012081
005663
052892
077126
054403
011655
075429
014171
053890
048839
001811
008897
025954
079361
008836
044646
007948
017481
065285
083267
082779
044364
046242
036520
067240
009946
023697
087780
020759
054773
008057
023130
084244
046341
090921
025448
028719
020740
019693
061518
049167
059386
051328
022639
008168
061314
008895
059582
041410
083402
034100
062273
035198
036183
003002
031873
022805
002939
040099
036668
001010
061218
036759
037546
025708
025646
087983
020513
002052
041734
063769
059388
096520
051859
095436
064683
016592
002265
036275
010530
005644
052418
040310
049692
022811
077667
009132
034145
094467
007775
068557
066333
083154
035218
093653
033185
040221
097095
011245
054248
022985
076926
091006
057795
027761
004515
036714
094078
017467
098074
088648
085554
062464
021575
034355
062158
058365
067095
002865
073886
008468
069039
003480
048080
025342
069244
057886
040983
090779
049425
078990
065073
013634
051405
004280
088352
060756
013683
080003
019893
091475
059450
080244
032017
034057
085004
062614
000036
008947
000118
074951
010536
039828
053040
033956
050431
045090
066118
030658
005281
046873
032165
062098
025745
028537
093609
085230
097245
060871
001319
088165
050383
018959
098700
055751
074361
038073
010348
095305
043151
060579
012149
097814
060230
025107
061798
033264
021820
032550
076455
048734
063638
028143
096505
076460
086986
090161
087289
073537
030070
057691
033121
012112
027395
066851
046837
021212
096302
097380
059809
023636
003127
095515
040132
029712
001980
030455
083586
071766
095402
065189
035934
063150
008453
064682
088810
017763
079022
094450
060533
042035
039292
078257
086779
044615
049418
016680
020173
034405
056485
073515
000560
020902
044967
033040
012451
002624
091300
038214
064686
030050
037287
008190
062277
002882
042672
051019
047735
061826
060975
094629
004729
048534
071143
070773
057727
027716
027425
044634
094660
075923
095783
017324
041842
050112
032203
016938
046989
088760
008471
008483
028913
030291
011922
080198
048722
037075
004809
084118
081095
022259
067577
009214
028353
031208
071686
005374
066739
007496
064666
054645
062961
049122
078385
007936
016458
003953
082808
025385
088991
065782
072351
027235
032691
027517
038896
076094
022711
010188
073463
027013
045450
096898
037050
054061
086806
064769
047939
008237
063300
068870
094381
030196
073493
018755
088968
013657
041187
013940
040245
073394
049747
004349
034182
050877
047046
024608
085140
087610
017847
082408
035814
070289
033392
002569
049976
037616
081174
037442
039063
005761
050772
089409
046922
022149
050091
054076
081843
004023
023368
006443
016797
043886
022151
053395
016388
028961
061587
075763
034215
060828
019992
018244
037396
086644
065354
068750
058351
097197
041280
071475
087729
097119
070047
024966
036192
032187
063790
036647
070009
028893
013653
082065
021159
088273
080036
050226
041162
095260
057405
099288
050323
067536
046244
043120
084020
045466
049439
035778
090587
093270
050806
052061
042236
007073
005519
067806
005813
092079
047064
012217
007307
045699
026293
048732
093864
074290
014474
024127
023716
071632
096756
029197
064573
025252
070781
015583
064582
085675
055228
051853
055671
012919
041777
072564
040011
025525
091333
018787
080642
033435
042278
035565
069154
078553
095126
031780
094440
022084
022467
035911
020989
023985
094032
000117
059686
015264
081822
007820
018201
011199
020449
069812
018115
027216
046949
047867
048106
044535
023550
062286
077793
077171
007677
082578
016918
081024
083951
021135
078822
091331
047428
035702
000172
075065
097960
076250
074776
033792
065921
074042
000635
023145
047052
079144
031062
001777
057970
031922
055374
043400
089575
041335
069773
041631
076160
037699
038894
061550
070319
046043
070917
031283
015138
020179
004929
078584
026584
092012
056727
045501
010373
067289
045301
047478
017921
051168
001357
078784
043014
087059
099364
006105
030310
010701
047505
056770
042816
086115
033832
048232
075171
006812
004781
030707
019682
048985
040765
050683
092807
036297
050969
083178
057729
031371
061372
069006
051563
009143
041078
048461
061821
008727
029496
015999
012101
038103
017875
052782
005623
070718
025588
094364
011710
091228
013765
055833
039070
035523
042972
004318
018452
049043
008299
082276
051810
071372
042835
068562
012866
057904
074449
075107
021188
040726
094091
050580
092187
035462
088588
080049
039670
027542
040577
018449
094357
001882
034693
047756
065791
020125
079085
025050
048745
066203
046529
067194
037635
072108
008515
088458
014707
082013
032495
040020
063483
051812
020537
058280
042467
068327
023663
043887
025355
083064
011550
001615
075134
054077
075177
075979
019585
094228
099889
084740
085579
040188
039437
019633
024242
051972
042877
067138
017059
030490
092493
000408
017199
041616
011512
067015
049560
033624
090963
038014
018467
072495
062367
086899
047806
071833
072961
012138
012911
007716
074935
000705
028530
094749
016191
023236
083568
016540
005280
013358
029742
047293
096381
078580
082426
085788
059935
013313
052896
028407
002770
049235
015158
061678
018924
005294
012243
042330
064826
015160
000057
054210
036857
061348
059856
092484
001925
016019
076299
086026
032436
026232
024067
082181
006674
009105
049834
037104
081544
051446
002102
037756
083067
042454
043609
049023
009027
009768
059820
026710
058772
063267
041384
087269
012573
099052
050735
096742
035288
047385
037302
011291
004026
017800
030051
048215
080347
054825
063132
069096
044554
041849
034878
092751
077187
085919
054676
058671
022008
013850
089643
044026
055350
073949
053322
042197
040023
063974
026026
068028
071197
079386
020330
028320
057240
067405
031094
031563
041170
048020
093419
039128
022684
024638
048453
014959
093912
045959
013087
070082
051078
025105
061569
090719
046379
010173
062638
058841
074330
063884
061959
097998
090072
048280
011427
094686
001676
036362
051289
021998
081542
051892
001510
044303
051796
000894
010228
083448
098519
080691
004249
056231
096251
036282
044536
084200
002622
070196
095945
028205
076471
055616
051034
062846
057820
033857
046705
056382
080662
051466
090901
088198
064695
098732
031974
032461
020829
020037
080089
043308
025727
057914
023955
093884
001061
015648
077283
095095
015281
034228
081059
010411
038931
079798
003682
090807
076665
097539
013957
077461
001167
077969
087123
010726
001425
090786
055954
088205
066883
032763
055941
062276
006507
088791
053416
082699
054166
007796
053189
081350
099972
089528
008015
027724
072802
040397
037585
009307
098823
044361
004551
042201
087460
089213
048664
063348
044861
051346
016411
088764
024374
043097
073418
094237
037219
000473
012590
084194
063091
091778
060528
075427
065397
066814
037604
008801
047624
082394
046784
075619
051524
017535
006281
067464
099785
016401
006580
017669
062504
041396
062490
023707
049742
016772
029054
004015
016699
095834
046544
004672
022341
045819
095472
061174
000489
027051
050155
039545
089733
010338
037886
028459
004663
003271
079404
093605
014459
027672
067517
000348
075391
076973
017161
084069
090859
004535
045377
025132
099223
016528
010340
092218
000300
092843
025748
032371
061486
065527
045779
001665
089221
036699
017031
045381
013930
041970
045179
027900
099909
069805
042566
038939
037110
015965
081578
057848
032514
083645
069232
007074
095331
074873
001975
070135
050821
082401
040546
046236
049158
080959
043897
051786
083095
023799
057745
027354
090092
037741
066445
047936
063874
037326
053028
028396
028836
003674
056240
054514
036153
033151
086902
069874
099796
030538
022004
028781
020771
077249
008052
092707
023285
037464
044302
034715
073870
095711
027972
028202
007556
047578
025610
020183
050659
042178
017660
010211
019399
030362
035343
039714
081875
056796
053386
031544
009341
036472
035932
088605
027583
003509
095477
098158
002798
084868
096607
071739
079962
060506
094394
022230
059155
059430
026475
058766
011277
083950
051820
050234
099179
044455
049044
003827
013682
090535
088310
055366
004795
058086
014540
078151
087636
074189
082112
011915
058917
078706
004499
011668
028197
060636
044448
031096
025474
050162
055027
095798
052668
069188
033827
029754
082203
087236
012380
006943
037796
084129
098295
085452
051105
048328
065958
028279
082287
001351
081016
094065
074301
018508
075691
029393
084023
032139
000441
024026
040975
099532
002166
001648
026960
042645
089954
072167
072605
041598
028576
000213
008795
059036
014019
046628
001670
049901
097607
076650
045805
029590
049723
081332
090919
081389
068663
045427
042485
099197
077433
065797
095840
020053
019678
001182
035483
053882
087755
067695
057531
098332
038741
088312
019764
079486
056683
053737
049871
040905
074923
058757
009440
001055
040932
066782
029974
067457
031492
033820
048111
001111
096487
045442
073224
095697
049853
013226
075327
053046
095574
008757
044296
070507
027545
061632
051774
081131
001502
021233
042333
086075
051351
071045
069877
083767
012424
097746
012752
083906
070122
093273
050247
032920
098497
047965
004229
051806
086250
012349
094743
063069
051581
095206
091224
046892
075157
080210
051631
025250
024680
014994
096076
074583
019267
033815
011954
038583
062049
007431
091136
094662
088215
093889
038839
016608
000880
099479
087527
052910
074794
042207
037433
075215
029326
009627
035995
081742
078182
080234
002105
023523
014570
090526
018666
099604
080063
052007
026837
061657
062967
068322
089259
068416
010956
081322
065011
040469
020744
020078
024484
035141
085086
051973
026334
083884
006426
073275
031534
035875
084573
058611
046531
034936
048448
081236
008004
048451
050116
041866
091187
047823
054282
001349
095578
076722
022232
039021
099544
018475
040187
016921
069707
082743
087937
002359
027546
031754
080982
033474
041550
018547
029856
059404
051253
089877
065080
085565
015394
031403
090689
008108
063862
007776
075719
015920
075293
053748
071080
040129
025605
018677
071819
035692
078264
074714
075161
000070
038200
083330
068471
057615
006967
010014
002656
016713
051912
053941
009973
090863
030418
060885
069074
085321
075772
088778
041199
015823
047836
050519
009574
029637
000211
032976
091395
065874
030619
002461
005951
027603
089279
085601
040802
063383
088327
010281
010400
095741
023793
044180
096364
069788
024248
059889
038696
001013
011562
049411
080779
033479
032126
072467
010249
076595
044264
098631
093455
041304
028811
021115
057093
066001
060416
077689
022300
038890
003109
079694
016763
090417
029620
037651
031104
015594
091364
086522
058934
069391
036942
095906
022603
028506
032454
038406
077015
097933
057854
006971
043666
021320
066849
062266
065713
082164
098449
095393
075982
005647
025325
046907
002881
089703
073173
038241
077290
085866
072591
097445
065690
065128
051098
019013
000902
007116
047899
043905
063926
040898
049624
030280
001437
034089
088448
084602
096627
068245
012260
055490
035672
021481
037849
098604
046910
033865
018462
000156
094862
029207
042376
080724
035000
021646
089465
021876
049525
012511
014061
004752
063941
023196
083451
033099
028337
051816
077906
042505
030146
005950
043241
026383
025975
001450
096333
050259
039055
046548
089945
027620
021803
027165
014478
073387
067967
069656
083116
051624
036380
063072
067087
096216
049721
059677
022729
030369
050017
040311
024653
007767
087271
070668
079253
038904
030006
088973
067845
073043
004207
009235
068610
070816
056646
073218
002812
050481
035936
071160
073373
012288
043382
009345
006120
096254
071102
016934
042083
019497
090853
064119
030644
054805
000756
026873
017279
044903
094070
017913
020568
025492
032026
082587
067241
035525
061045
023965
056462
091311
077866
085575
004839
048716
075825
003611
018291
052236
034844
047934
061234
012123
030353
091542
022709
026650
069967
064507
069809
023342
040872
086396
057915
035042
088347
064466
008830
035614
012705
030744
037732
019302
016357
047375
095445
097357
046327
040405
099614
016835
071920
082456
076878
063719
031773
071771
042275
058528
044671
090299
094186
004804
094099
057540
037180
032433
038043
038746
029444
088288
031802
023364
004289
047400
065924
038433
033995
085800
012309
009790
004731
044382
059840
017153
057607
011969
018096
020912
071485
093099
012253
033162
040170
051735
094177
043195
013563
015718
052630
079082
041889
081656
079248
050304
034877
049332
076955
072263
013488
013474
027770
098868
097392
079044
099438
029518
069808
048049
027559
026451
011865
017594
019938
080933
065358
065047
063425
040530
041751
020929
003496
085513
012444
000923
049258
069331
046018
000391
073114
029789
018117
021278
021977
042975
027451
048914
009451
074472
044573
031171
096360
052045
072819
019322
099247
051399
066220
023699
061695
069032
012016
007282
053738
058282
079348
034442
053291
079233
034198
066570
036069
080577
000306
073081
004382
039957
020267
054341
045920
022077
041043
050353
000209
065364
076999
010787
088464
066200
052808
047990
033238
092515
073803
081398
096622
048575
047436
042171
022422
019854
094977
093169
001789
025031
018487
070727
033280
059883
028926
076000
062480
074067
093152
000525
084448
057166
068108
066716
058216
089636
080435
051374
046175
035401
047498
031575
000732
045075
074453
087415
056280
013483
059514
058754
084647
004937
050803
084717
051221
004642
025638
018922
081229
051713
024715
069986
003192
051088
065529
019435
043373
032242
066927
081493
082156
019164
009803
093526
054910
088812
005335
083518
079271
042318
065524
003988
090046
044048
098584
037173
081017
089578
023931
068684
092362
039678
032601
022331
053304
002507
094229
022889
021438
006954
023373
063917
026127
075378
013280
016061
024496
083364
008446
066466
071858
007011
017625
032850
016743
044209
000554
002972
058437
057950
050710
075540
028063
000488
071190
035448
048651
006123
075196
017640
092234
028295
086681
045851
015783
014243
000354
019853
018851
005171
056437
002016
049042
053745
055848
014921
034523
049189
053754
012715
038343
039213
068333
057454
025468
064233
037838
009057
097420
055834
082520
076725
036776
021521
034538
004955
043775
003505
091993
010994
068660
093133
060224
083801
047538
076936
094854
075462
061701
070995
071558
077957
016718
043701
008416
003646
041773
002119
007736
012280
048241
094475
080310
094954
043011
063955
080021
044694
097977
057680
081396
017868
078513
029076
028542
003078
004735
028454
051432
073239
043126
029237
030307
087917
014314
004898
090405
078152
003987
032002
029298
026838
009939
073554
026768
026758
057840
063161
061338
023356
013302
055052
084684
006869
072990
044600
075487
088304
024874
097662
090683
004608
031855
069090
029613
037633
018399
049777
001979
069437
079138
027284
090636
032058
007704
080612
007188
065579
021513
020202
038950
071524
059991
076832
073061
017180
094583
036265
059852
039341
020539
038744
018361
093566
022286
026452
073893
027453
039203
044052
081413
065488
008252
044512
048931
015639
009494
055054
030186
085818
079578
089587
016329
006706
048620
076809
000355
078374
025924
070875
058896
067475
011308
090085
000690
079795
048833
065729
031484
084375
053039
063892
012918
084452
061219
046003
061430
054381
045965
013160
086964
020898
060296
009541
036389
047884
004976
011095
077040
049192
037549
088627
099847
007761
033800
031942
045526
016326
081102
094564
088028
052229
035826
014713
048880
081515
030311
067466
063339
023529
096156
038049
050472
036103
069842
001443
043638
078015
034205
059335
096743
014808
004708
088438
068667
004159
032254
042338
096694
001283
099194
049884
005213
097391
077525
049383
089335
037305
040964
070373
041268
066094
056896
065574
029416
096247
048540
019841
043587
002742
081223
040737
015809
044581
035370
097860
020987
036770
064283
043165
040818
057669
002974
090906
058996
004722
093261
000989
051225
096290
041492
074138
006629
054603
015815
026197
089300
001527
027303
081317
034968
083255
081428
063498
067268
098463
079077
003193
055960
032874
006969
058702
086203
085931
059863
067038
089850
000056
021741
003855
097761
001080
045241
026088
010438
011725
055951
092286
058517
030210
077549
008338
017680
085453
072100
036924
042248
025912
029241
046679
019115
051782
091301
049302
060699
000691
047226
025762
075184
073181
002462
079906
080333
004761
099815
075156
008716
095795
067247
055781
037995
013758
003751
039485
013803
000686
006296
085121
091096
031023
089708
050981
037339
076029
059261
068027
068724
051711
069058
089986
062487
063775
015195
061780
052917
061173
044611
038430
039294
091733
054400
087314
073675
033202
062669
002629
076441
028536
074345
037990
023361
050403
067378
067482
054373
086649
042780
016270
095223
065666
009583
036990
078562
066357
040145
089926
086215
034430
052478
012189
069699
091282
076622
099386
010144
061516
010969
050204
078326
045520
064875
031977
085346
058027
063446
043108
055460
058686
076896
079647
001423
016431
091882
096546
098113
038853
065675
003168
016445
035794
045908
031483
066671
061027
075414
000237
078958
074512
068063
052680
078102
086078
057275
034571
071802
082904
060248
090914
017795
057618
005555
081799
051698
003724
075364
081197
054127
074202
012059
050169
011128
087638
035002
088694
010344
099034
085088
011779
072640
011942
033707
049264
022585
077926
077842
072018
014908
087122
066365
044095
008221
009256
038924
097191
032483
041907
032164
018275
034843
093705
044500
016524
076933
087786
092005
039598
061416
028447
008856
051612
063606
090882
022268
092835
080563
080575
004964
051324
059718
057266
070745
079947
042252
036606
039054
015095
068154
098999
056472
080367
053883
032869
065751
058818
099170
040604
071402
080220
084456
096341
099917
018037
006479
075359
068451
074731
095021
045635
051059
053486
080753
047684
007470
000833
081573
017642
002529
085687
051008
030441
034946
046414
098523
072948
027921
025154
080085
020794
094042
037858
041366
093297
061387
046567
066549
062685
079395
025969
088515
068065
088360
081435
069302
064843
087315
079215
091702
014319
094391
042347
046952
082546
051057
058792
034499
038410
039243
033344
063040
083932
077994
097298
032201
088125
094400
015794
010738
002961
082639
091594
090517
059190
061361
083170
086429
020387
078163
000663
044802
044638
073706
056731
095710
068129
062960
020065
097300
077332
043050
052796
090604
093456
029414
042695
073973
044341
081026
099328
033774
071283
001780
062805
081382
084893
033420
092803
044014
082193
077434
014530
067294
003260
076850
077210
090043
001831
096915
094052
067276
032327
011608
026659
066312
051196
046543
001138
034149
070750
030414
063393
075764
016068
088802
064744
078622
042375
043154
052578
029215
084288
053900
085272
080694
097496
021651
008131
094221
041882
013159
017766
083378
038370
035098
003660
098959
044297
066895
053540
005964
038783
082259
067910
006358
068798
051880
061957
064914
042689
071229
054795
039853
076944
071202
098309
057755
073854
003275
027558
060522
052923
040012
076852
033284
072929
021048
090127
062173
058738
084093
023054
080925
091246
040698
084636
096530
077759
038473
050531
086394
025733
006452
051250
050945
065615
050334
055444
074321
040197
069889
050837
033076
020573
031526
061133
000910
040366
057331
049931
056343
027217
012102
095341
030060
012771
006849
098427
021024
084331
051411
023851
090132
067760
093329
055122
008582
056718
060857
038673
089524
047496
071559
079230
036345
052827
083417
048310
021203
076920
052201
062413
038999
061166
054286
019921
075855
058689
043536
084224
007101
069786
004296
073584
000487
084541
072825
015389
031548
076649
002784
046330
050309
073442
059632
086117
087526
031409
098918
072241
090478
026667
072647
096059
072558
023068
093204
001858
098473
027914
035508
034319
016979
034475
035602
005845
063816
072081
079071
087394
090087
019148
080976
062097
014205
011041
026622
088658
061652
057959
026394
036642
084021
044574
052288
096086
041591
060943
038018
039199
018960
059065
